MFEM mesh v1.0

dimension
2

elements
18
1 3 0 1 2 3 
1 3 4 5 6 7 
1 3 8 9 10 11 
1 3 12 13 14 15 
1 3 16 17 18 19 
1 3 20 21 22 23 
1 3 24 25 26 27 
1 3 28 29 30 31 
1 3 32 33 34 35 
1 3 36 37 38 39 
1 3 40 41 42 43 
1 3 44 45 46 47 
1 3 48 49 50 51 
1 3 52 53 54 55 
1 3 56 57 58 59 
1 3 60 61 62 63 
1 3 64 65 66 67 
1 3 68 69 70 71 

boundary
0

vertices
72
2
-3.00000000000000e+00 1.00000000000000e+00 
-2.00000000000000e+00 1.00000000000000e+00 
-2.00000000000000e+00 2.00000000000000e+00 
-3.00000000000000e+00 2.00000000000000e+00 
-2.00000000000000e+00 1.00000000000000e+00 
-1.00000000000000e+00 1.00000000000000e+00 
-1.00000000000000e+00 2.00000000000000e+00 
-2.00000000000000e+00 2.00000000000000e+00 
-1.00000000000000e+00 1.00000000000000e+00 
0.00000000000000e+00 1.00000000000000e+00 
0.00000000000000e+00 2.00000000000000e+00 
-1.00000000000000e+00 2.00000000000000e+00 
-3.00000000000000e+00 2.00000000000000e+00 
-2.00000000000000e+00 2.00000000000000e+00 
-2.00000000000000e+00 3.00000000000000e+00 
-3.00000000000000e+00 3.00000000000000e+00 
-2.00000000000000e+00 2.00000000000000e+00 
-1.00000000000000e+00 2.00000000000000e+00 
-1.00000000000000e+00 3.00000000000000e+00 
-2.00000000000000e+00 3.00000000000000e+00 
-1.00000000000000e+00 2.00000000000000e+00 
0.00000000000000e+00 2.00000000000000e+00 
0.00000000000000e+00 3.00000000000000e+00 
-1.00000000000000e+00 3.00000000000000e+00 
0.00000000000000e+00 1.00000000000000e+00 
1.00000000000000e+00 1.00000000000000e+00 
1.00000000000000e+00 2.00000000000000e+00 
0.00000000000000e+00 2.00000000000000e+00 
1.00000000000000e+00 1.00000000000000e+00 
2.00000000000000e+00 1.00000000000000e+00 
2.00000000000000e+00 2.00000000000000e+00 
1.00000000000000e+00 2.00000000000000e+00 
2.00000000000000e+00 1.00000000000000e+00 
3.00000000000000e+00 1.00000000000000e+00 
3.00000000000000e+00 2.00000000000000e+00 
2.00000000000000e+00 2.00000000000000e+00 
0.00000000000000e+00 2.00000000000000e+00 
1.00000000000000e+00 2.00000000000000e+00 
1.00000000000000e+00 3.00000000000000e+00 
0.00000000000000e+00 3.00000000000000e+00 
1.00000000000000e+00 2.00000000000000e+00 
2.00000000000000e+00 2.00000000000000e+00 
2.00000000000000e+00 3.00000000000000e+00 
1.00000000000000e+00 3.00000000000000e+00 
2.00000000000000e+00 2.00000000000000e+00 
3.00000000000000e+00 2.00000000000000e+00 
3.00000000000000e+00 3.00000000000000e+00 
2.00000000000000e+00 3.00000000000000e+00 
0.00000000000000e+00 3.00000000000000e+00 
1.00000000000000e+00 3.00000000000000e+00 
1.00000000000000e+00 4.00000000000000e+00 
0.00000000000000e+00 4.00000000000000e+00 
1.00000000000000e+00 3.00000000000000e+00 
2.00000000000000e+00 3.00000000000000e+00 
2.00000000000000e+00 4.00000000000000e+00 
1.00000000000000e+00 4.00000000000000e+00 
2.00000000000000e+00 3.00000000000000e+00 
3.00000000000000e+00 3.00000000000000e+00 
3.00000000000000e+00 4.00000000000000e+00 
2.00000000000000e+00 4.00000000000000e+00 
0.00000000000000e+00 4.00000000000000e+00 
1.00000000000000e+00 4.00000000000000e+00 
1.00000000000000e+00 5.00000000000000e+00 
0.00000000000000e+00 5.00000000000000e+00 
1.00000000000000e+00 4.00000000000000e+00 
2.00000000000000e+00 4.00000000000000e+00 
2.00000000000000e+00 5.00000000000000e+00 
1.00000000000000e+00 5.00000000000000e+00 
2.00000000000000e+00 4.00000000000000e+00 
3.00000000000000e+00 4.00000000000000e+00 
3.00000000000000e+00 5.00000000000000e+00 
2.00000000000000e+00 5.00000000000000e+00 
